flower 0.9985 1769 1062 1957 1215
flower 0.9812 1140 1087 1427 1341
flower 0.9790 1914 2391 2189 2679
flower 0.9745 -5 824 81 996
flower 0.1126 -24 2968 183 3021
flower 0.0592 1091 1249 1202 1380
flower 0.0445 466 2935 756 3025
flower 0.0390 971 1392 1036 1450
flower 0.0375 1054 1193 1240 1420
flower 0.0313 -19 2956 97 3026
flower 0.0249 853 2716 927 2805
flower 0.0222 1086 1292 1181 1395
flower 0.0126 1 2478 39 2679
flower 0.0108 1125 1234 1249 1352
flower 0.0097 10 867 112 1030
flower 0.0086 -40 2982 296 3023
flower 0.0068 1949 2437 2175 2608
flower 0.0056 1722 897 1795 992
flower 0.0052 1206 2915 1502 3031
flower 0.0050 792 2712 916 2800
flower 0.0048 505 2898 716 3015
flower 0.0046 1116 1107 1308 1351
flower 0.0045 -6 693 83 1038
flower 0.0036 760 0 938 40
flower 0.0026 1 907 66 1080
flower 0.0025 2241 2166 2373 2306
flower 0.0023 1062 -3 1311 60
flower 0.0019 -7 139 84 291
flower 0.0018 2089 1 2380 66
flower 0.0018 984 1225 1288 1466
flower 0.0017 1118 1287 1250 1401
flower 0.0017 -7 837 73 1305
flower 0.0015 1 2874 158 3020
flower 0.0014 8 159 126 323
flower 0.0013 21 838 250 1050
flower 0.0011 1694 900 1768 998
flower 0.0011 2143 28 2328 112
flower 0.0011 561 2958 867 3027
flower 0.0011 546 846 693 1069
flower 0.0011 2363 2622 2450 2686
flower 0.0010 2175 -1 2536 72
