flower 0.9981 1341 1104 1615 1393
flower 0.9572 212 721 388 913
flower 0.8181 418 822 751 1046
flower 0.0779 19 -1 359 27
flower 0.0096 358 0 633 22
flower 0.0089 1149 2547 1321 2740
flower 0.0084 232 720 366 833
flower 0.0040 1353 1634 1419 1762
flower 0.0027 262 751 765 1061
flower 0.0024 268 789 383 906
flower 0.0022 1321 1289 1387 1373
flower 0.0022 460 2661 654 2735
flower 0.0019 157 -3 522 39
flower 0.0018 -42 -1 219 29
flower 0.0016 1353 1206 1552 1366
flower 0.0016 1165 2539 1489 2753
flower 0.0014 1399 1387 1571 1587
flower 0.0013 196 741 315 897
flower 0.0013 1348 1149 1562 1313
flower 0.0011 2221 -5 2666 148
