flower 0.9973 1524 1118 1762 1339
flower 0.0556 386 227 518 359
flower 0.0421 2274 0 2518 24
flower 0.0163 2052 231 2232 461
flower 0.0160 2638 275 2743 592
flower 0.0138 392 197 581 375
flower 0.0133 2043 520 2111 604
flower 0.0089 2664 1693 2740 1845
flower 0.0059 2591 1709 2731 1821
flower 0.0042 1100 2663 1262 2740
flower 0.0041 2069 316 2193 456
flower 0.0039 1989 176 2263 413
flower 0.0018 2569 1671 2741 1860
flower 0.0018 355 233 531 419
flower 0.0018 2128 2 2446 52
flower 0.0017 2270 29 2410 130
flower 0.0016 -3 2573 48 2744
flower 0.0015 -10 2650 62 2750
flower 0.0014 2498 568 2580 655
flower 0.0013 2537 1701 2687 1799
flower 0.0012 335 -1 557 33
flower 0.0011 338 269 461 409
flower 0.0011 2447 562 2573 665
flower 0.0011 2546 1688 2666 1764
flower 0.0010 2205 21 2371 116
flower 0.0010 2031 2297 2125 2380
flower 0.0010 2706 686 2739 935
flower 0.0010 2320 -3 2656 35
