flower 0.9948 978 1035 1254 1404
flower 0.0111 9 2842 135 2990
flower 0.0092 2930 1957 2993 2217
flower 0.0067 2838 2841 2982 2989
flower 0.0058 1040 1150 1266 1395
flower 0.0058 -17 2891 171 2998
flower 0.0048 140 2851 249 2944
flower 0.0043 975 1163 1191 1399
flower 0.0041 2479 0 2864 40
flower 0.0036 2899 1865 3001 2230
flower 0.0033 -4 254 35 506
flower 0.0029 2339 -1 2780 31
flower 0.0028 2904 2818 2992 3009
flower 0.0027 1929 2929 2259 2994
flower 0.0013 1018 1028 1236 1249
flower 0.0013 2845 1936 2992 2244
flower 0.0012 -4 2668 40 2899
flower 0.0011 2603 2930 2967 2994
flower 0.0010 996 1333 1143 1436
flower 0.0010 2871 2015 2979 2160
