flower 0.9830 1917 776 2205 958
flower 0.3342 733 642 807 724
flower 0.0416 831 622 936 697
flower 0.0295 2137 846 2255 930
flower 0.0287 742 625 918 717
flower 0.0214 1920 774 2077 928
flower 0.0121 2083 820 2254 941
flower 0.0047 705 -2 1064 85
flower 0.0046 1866 1 2090 34
flower 0.0045 2011 759 2267 946
flower 0.0041 2798 -2 3011 36
flower 0.0037 2023 760 2181 821
flower 0.0035 2895 -7 3017 46
flower 0.0024 721 593 947 744
flower 0.0023 1859 2956 2229 2997
flower 0.0020 693 642 789 718
flower 0.0018 498 -14 1171 89
flower 0.0016 748 16 1025 111
flower 0.0016 750 640 880 754
flower 0.0013 535 0 902 47
flower 0.0012 1873 737 2317 982
flower 0.0011 -13 216 82 633
flower 0.0011 438 1744 553 1865
flower 0.0011 1933 971 2041 1039
flower 0.0010 707 620 849 802
flower 0.0010 1961 2940 2343 2993
flower 0.0010 1899 696 2213 903
flower 0.0010 1989 971 2077 1040
