flower 0.9914 1322 914 1681 1116
flower 0.9822 1749 1154 2049 1529
flower 0.1424 2510 -3 2688 69
flower 0.0389 2214 -4 2674 190
flower 0.0053 -13 2920 64 3004
flower 0.0049 2823 138 2988 490
flower 0.0048 -21 2930 183 2992
flower 0.0044 2474 10 2642 118
flower 0.0030 1324 632 1570 808
flower 0.0023 2574 1845 2655 2011
flower 0.0022 2357 16 2528 149
flower 0.0017 2468 -23 2735 95
flower 0.0016 1287 730 1665 1086
flower 0.0014 2074 0 2688 298
flower 0.0011 1577 2944 1810 2992
flower 0.0010 2216 -1 2439 193
flower 0.0010 2317 21 2453 143
flower 0.0010 2563 1750 2682 2010
