flower 0.9917 1485 882 1758 1232
flower 0.1653 -2 338 84 674
flower 0.0295 2653 -7 2746 67
flower 0.0120 -4 338 58 553
flower 0.0074 2674 9 2737 132
flower 0.0072 16 458 93 636
flower 0.0063 2575 -6 2745 58
flower 0.0051 -4 311 37 498
flower 0.0039 -4 -9 51 156
flower 0.0036 -1 503 77 665
flower 0.0026 -79 366 139 642
flower 0.0018 -11 -11 72 82
flower 0.0017 33 2189 223 2396
flower 0.0015 884 678 1162 864
flower 0.0013 1479 891 1732 1086
flower 0.0013 26 2233 142 2361
flower 0.0011 2619 -47 2771 114
flower 0.0010 2592 10 2730 136
flower 0.0010 1578 -3 1837 25
flower 0.0010 4 7 123 141
