flower 0.9372 1549 219 1837 732
flower 0.3525 534 1010 927 1230
flower 0.0957 1581 395 1811 687
flower 0.0739 675 1013 980 1318
flower 0.0250 483 760 744 918
flower 0.0130 1527 225 1752 497
flower 0.0077 495 1051 632 1196
flower 0.0056 666 1015 861 1131
flower 0.0056 495 1020 631 1112
flower 0.0056 1593 456 1718 632
flower 0.0050 1644 457 1845 735
flower 0.0050 753 1117 994 1317
flower 0.0046 1483 233 1724 639
flower 0.0042 509 854 1008 1351
flower 0.0042 798 1020 1081 1349
flower 0.0037 303 2835 787 2997
flower 0.0031 1521 215 1663 440
flower 0.0026 554 1043 748 1194
flower 0.0023 628 1033 815 1171
flower 0.0021 1615 411 1754 571
flower 0.0017 413 2859 680 2988
flower 0.0017 507 998 815 1169
flower 0.0015 957 1659 2015 2683
flower 0.0013 1596 527 1703 663
flower 0.0012 347 2908 750 2991
flower 0.0012 1616 533 1773 682
flower 0.0010 1817 1993 1918 2084
flower 0.0010 2936 2433 2991 2697
