flower 0.1630 1285 863 1517 1035
flower 0.0640 1791 928 2053 1125
flower 0.0361 1294 899 1440 1021
flower 0.0182 1582 6 2040 178
flower 0.0036 1466 4 1922 238
flower 0.0034 1852 985 2022 1122
flower 0.0028 -29 -3 210 63
flower 0.0023 1259 2925 1666 2988
flower 0.0018 2624 66 3005 751
flower 0.0017 1241 1259 1618 1901
flower 0.0017 -5 -29 855 1172
flower 0.0016 1634 860 2188 1156
flower 0.0015 9 0 379 50
flower 0.0014 1378 -14 2172 197
flower 0.0013 1882 2948 2199 2993
flower 0.0011 1250 2808 1662 2994
