flower 0.9694 1675 1134 2197 1855
flower 0.0110 -8 119 73 523
flower 0.0095 -7 156 53 369
flower 0.0037 2173 1361 2272 1433
flower 0.0016 1532 36 1647 103
flower 0.0016 0 -5 150 63
flower 0.0016 2829 2933 3007 3002
flower 0.0015 1367 -5 1580 28
flower 0.0015 1738 2 1915 60
flower 0.0014 1352 1486 1436 1554
flower 0.0013 802 -2 1097 53
flower 0.0013 2160 1328 2283 1420
flower 0.0012 718 21 927 261
flower 0.0012 -3 246 59 492
flower 0.0012 2137 2465 2189 2546
flower 0.0011 635 -4 926 69
flower 0.0010 2338 2590 2481 2653
flower 0.0010 1772 537 1988 761
flower 0.0010 1345 44 1493 130
