flower 0.9692 1232 900 1405 1177
flower 0.2425 3 1705 138 1941
flower 0.1908 -5 1747 74 2089
flower 0.0643 1906 2373 1963 2421
flower 0.0115 -4 1854 48 2076
flower 0.0089 -5 2585 38 2711
flower 0.0055 825 1 1006 124
flower 0.0047 2297 0 2587 54
flower 0.0043 865 1 1053 68
flower 0.0041 0 1604 126 2112
flower 0.0034 1154 886 1488 1234
flower 0.0028 1258 908 1391 1053
flower 0.0027 498 1125 623 1243
flower 0.0021 89 2553 156 2622
flower 0.0019 2050 -3 2517 168
flower 0.0016 1753 937 1870 1000
flower 0.0015 2384 -1 2707 27
flower 0.0013 1635 988 1771 1079
flower 0.0013 19 1738 203 1968
flower 0.0012 2177 -1 2501 53
flower 0.0012 47 1739 170 1866
flower 0.0012 277 2092 335 2150
flower 0.0011 1817 19 1938 333
flower 0.0011 -18 2661 61 2750
flower 0.0011 -4 876 53 1068
flower 0.0010 17 2546 156 2653
