flower 0.9984 1443 1415 1666 1598
flower 0.0145 2651 1294 2737 1467
flower 0.0036 1335 2634 1422 2705
flower 0.0028 2050 2639 2314 2744
flower 0.0027 2334 -2 2550 39
flower 0.0024 -1 -12 30 175
flower 0.0022 1708 -1 2018 22
flower 0.0022 1313 1010 1461 1126
flower 0.0021 1284 974 1487 1152
flower 0.0021 1452 1415 1639 1505
flower 0.0021 429 2079 580 2170
flower 0.0020 2623 1335 2720 1439
flower 0.0020 2431 2682 2676 2738
flower 0.0018 100 407 172 485
flower 0.0017 2602 1291 2722 1419
flower 0.0017 657 1944 775 2090
flower 0.0014 220 -1 373 30
flower 0.0010 1928 0 2138 35
