flower 0.9871 2131 1524 2508 1906
flower 0.9798 1694 1849 2065 2042
flower 0.0218 -4 1532 153 1780
flower 0.0130 2931 2054 3001 2516
flower 0.0065 1702 1867 1940 2000
flower 0.0051 1670 1630 2113 2132
flower 0.0037 -11 1543 97 1740
flower 0.0031 2945 2239 2998 2514
flower 0.0016 1761 1903 2001 2035
flower 0.0014 7 1533 132 1672
flower 0.0014 1726 1854 2005 1937
flower 0.0013 2961 2027 3000 2424
flower 0.0011 2194 1456 2657 1935
flower 0.0010 2283 1561 2572 1921
flower 0.0010 2927 2196 3005 2695
flower 0.0010 2255 1925 2409 2039
