flower 0.9844 969 1040 1319 1188
flower 0.1195 1806 0 2017 36
flower 0.0301 1634 -2 1886 35
flower 0.0082 943 954 1316 1137
flower 0.0076 1476 -1 1842 30
flower 0.0075 1682 7 1941 150
flower 0.0074 2694 1888 2735 2046
flower 0.0059 1878 0 2174 32
flower 0.0050 1786 19 1939 116
flower 0.0038 1394 -3 1717 25
flower 0.0036 2507 17 2711 125
flower 0.0032 2689 938 2736 1119
flower 0.0031 2549 -6 2744 78
flower 0.0030 1177 1193 1302 1261
flower 0.0026 2675 2176 2736 2299
flower 0.0023 2554 1977 2645 2058
flower 0.0021 2697 1040 2738 1211
flower 0.0019 1733 81 1881 155
flower 0.0018 2518 -30 2768 107
flower 0.0017 1692 86 1840 167
flower 0.0016 595 1597 709 1715
flower 0.0015 2699 1178 2740 1389
flower 0.0014 1986 -1 2256 28
flower 0.0013 1003 1025 1336 1308
flower 0.0013 2667 18 2741 126
flower 0.0012 1602 -7 2023 89
flower 0.0012 2141 1678 2321 1764
flower 0.0011 2691 1750 2737 1976
flower 0.0011 2654 -3 2746 77
flower 0.0011 2692 1296 2737 1487
flower 0.0010 2025 2278 2133 2391
flower 0.0010 2247 -2 2433 41
flower 0.0010 2010 2501 2148 2579
