flower 0.9950 1248 1081 1447 1236
flower 0.0289 2307 9 2695 217
flower 0.0148 74 2280 157 2381
flower 0.0081 947 980 1114 1190
flower 0.0067 1254 960 1343 1056
flower 0.0059 2466 5 2728 161
flower 0.0053 1576 1 1838 58
flower 0.0048 1328 -1 1577 53
flower 0.0038 53 2697 305 2741
flower 0.0032 1672 4 1980 288
flower 0.0032 1282 979 1383 1055
flower 0.0028 532 1316 739 1473
flower 0.0027 2183 70 2572 253
flower 0.0023 558 -1 742 44
flower 0.0021 2668 168 2744 630
flower 0.0019 2709 2175 2739 2398
flower 0.0015 2601 546 2732 867
flower 0.0014 2272 38 2519 213
flower 0.0013 2004 376 2127 486
flower 0.0013 1112 -1 1267 60
flower 0.0013 346 1791 438 1851
flower 0.0012 205 1772 343 1853
flower 0.0011 -4 1683 30 1825
flower 0.0011 1195 1244 1284 1319
flower 0.0011 836 -1 1010 27
flower 0.0010 1226 977 1457 1251
