flower 0.9958 1711 1700 1961 1988
flower 0.0226 801 0 943 31
flower 0.0192 1985 1747 2080 1850
flower 0.0120 130 -2 353 47
flower 0.0111 2653 944 2740 1093
flower 0.0061 1070 -1 1193 53
flower 0.0050 2027 1758 2087 1842
flower 0.0036 1510 1806 1624 1894
flower 0.0029 824 -1 991 45
flower 0.0028 1941 1727 2099 1909
flower 0.0024 1539 1766 1662 1882
flower 0.0019 1934 1557 2031 1628
flower 0.0019 2581 918 2746 1111
flower 0.0015 176 15 294 120
flower 0.0014 2432 611 2567 681
flower 0.0013 1813 1700 2103 1950
flower 0.0013 985 1223 1368 1791
flower 0.0012 -11 13 79 340
flower 0.0012 2698 2251 2740 2441
flower 0.0010 189 -3 488 34
flower 0.0010 118 8 260 119
flower 0.0010 -8 769 58 967
