flower 0.9969 1370 1391 1560 1580
flower 0.0595 1563 1254 1644 1324
flower 0.0149 -3 1805 78 2151
flower 0.0117 -7 1837 63 2006
flower 0.0100 1303 2656 1470 2736
flower 0.0086 -2 2068 50 2298
flower 0.0076 -3 2019 65 2450
flower 0.0054 -4 914 58 1116
flower 0.0036 1349 2618 1439 2723
flower 0.0036 -4 2142 39 2422
flower 0.0033 -2 308 52 479
flower 0.0030 0 1914 54 2130
flower 0.0026 2389 478 2618 640
flower 0.0020 1627 756 1690 846
flower 0.0019 1634 716 1703 830
flower 0.0019 5 775 164 1058
flower 0.0017 66 2675 300 2736
flower 0.0017 1492 766 1591 874
flower 0.0016 3 1863 126 2160
flower 0.0016 -11 1696 73 2039
flower 0.0014 1246 873 1306 946
flower 0.0013 -2 2199 66 2696
flower 0.0013 -6 835 71 1199
flower 0.0013 -9 155 63 527
flower 0.0012 1336 2666 1547 2737
flower 0.0012 1937 786 2015 946
flower 0.0011 1538 1258 1603 1317
