flower 0.9962 1301 1263 1519 1477
flower 0.0141 100 652 474 891
flower 0.0080 45 5 182 127
flower 0.0072 -18 -1 177 70
flower 0.0052 1892 2689 2157 2739
flower 0.0048 2653 2280 2746 2619
flower 0.0043 2668 2337 2738 2560
flower 0.0041 2632 2378 2715 2525
flower 0.0040 2681 2294 2736 2495
flower 0.0030 1929 2494 2014 2604
flower 0.0027 1402 1155 1477 1212
flower 0.0024 1353 1154 1451 1213
flower 0.0023 2601 2261 2737 2538
flower 0.0022 1510 2692 1910 2736
flower 0.0020 -5 1866 147 2099
flower 0.0016 50 -1 296 49
flower 0.0013 -3 2454 54 2631
flower 0.0011 -5 2532 53 2692
flower 0.0011 2622 2329 2722 2465
flower 0.0010 2642 2425 2698 2574
flower 0.0010 -7 2577 63 2740
