flower 0.1663 1601 -2 2134 33
flower 0.0230 2 990 65 1143
flower 0.0214 10 1006 115 1121
flower 0.0214 1194 1300 1374 1414
flower 0.0114 857 3 1102 47
flower 0.0096 1750 873 1956 1082
flower 0.0089 2684 1360 2736 1536
flower 0.0073 905 18 1047 111
flower 0.0068 1575 -7 2160 64
flower 0.0060 2666 1130 2736 1338
flower 0.0050 2337 -1 2764 35
flower 0.0049 1656 1283 1754 1373
flower 0.0045 2017 1545 2139 1636
flower 0.0043 2261 1464 2510 1748
flower 0.0041 1533 -1 1900 35
flower 0.0040 2517 0 2791 41
flower 0.0034 2646 1077 2745 1390
flower 0.0031 2270 -1 2621 29
flower 0.0029 49 966 207 1095
flower 0.0025 1754 966 1895 1104
flower 0.0024 2064 1485 2204 1621
flower 0.0023 554 1236 662 1315
flower 0.0021 2 1235 132 1335
flower 0.0019 1734 1333 1819 1467
flower 0.0018 1708 1322 1841 1548
flower 0.0018 593 1237 704 1311
flower 0.0017 2629 -4 2766 46
flower 0.0017 941 -1 1193 52
flower 0.0016 1800 -1 2227 41
flower 0.0015 2026 1450 2222 1646
flower 0.0015 1598 1292 1727 1384
flower 0.0014 1672 -3 2058 156
flower 0.0013 1550 1250 1766 1428
flower 0.0013 1493 1505 1623 1615
flower 0.0013 -2 849 41 1088
flower 0.0013 2608 1511 2704 1602
flower 0.0012 -4 933 87 1218
flower 0.0011 1865 1099 2245 1696
flower 0.0011 1133 1260 1447 1428
flower 0.0010 -1 967 153 1170
