flower 0.9993 2339 1357 2690 1763
flower 0.0190 183 -2 555 27
flower 0.0172 -4 2402 73 2623
flower 0.0126 1427 2899 1743 3004
flower 0.0123 -6 2341 95 2685
flower 0.0065 -15 2935 300 3001
flower 0.0036 9 2485 135 2648
flower 0.0033 -3 785 39 1119
flower 0.0031 1032 2850 1345 3003
flower 0.0024 -13 2926 74 3008
flower 0.0023 0 2419 170 2692
flower 0.0022 -6 704 59 1188
flower 0.0012 0 2510 65 2706
flower 0.0011 -6 2319 56 2584
flower 0.0011 979 2880 1474 3019
flower 0.0010 1432 1693 1604 1914
flower 0.0010 2457 1344 2549 1405
