flower 0.9988 1201 1405 1378 1565
flower 0.2239 1288 1183 1422 1295
flower 0.0480 14 6 126 128
flower 0.0350 792 3 1243 151
flower 0.0257 1302 1090 1465 1300
flower 0.0145 1332 1131 1440 1265
flower 0.0043 1287 1226 1396 1307
flower 0.0035 918 13 1134 139
flower 0.0033 52 10 178 124
flower 0.0031 1 0 60 135
flower 0.0028 -7 -8 70 81
flower 0.0027 1292 1147 1414 1260
flower 0.0019 1034 219 1118 259
flower 0.0014 1557 457 1658 562
flower 0.0013 1766 -1 1973 30
flower 0.0013 865 -17 1183 116
flower 0.0012 47 0 213 72
flower 0.0011 1563 355 1661 451
flower 0.0010 859 314 1005 575
