flower 0.2849 -3 1582 32 1941
flower 0.0580 -3 1506 43 2104
flower 0.0282 573 1865 716 1983
flower 0.0143 709 1767 830 1840
flower 0.0085 559 1828 747 2031
flower 0.0063 89 2575 183 2643
flower 0.0044 570 1901 752 2132
flower 0.0038 572 1895 668 2036
flower 0.0036 759 1740 876 1798
flower 0.0035 642 1926 760 2021
flower 0.0031 556 1863 864 2083
flower 0.0030 2395 1404 2514 1484
flower 0.0029 1217 958 1570 1208
flower 0.0026 1337 1506 1471 1607
flower 0.0015 -1 1468 25 1859
flower 0.0014 1174 1038 1523 1235
flower 0.0013 2078 86 2187 175
flower 0.0012 1691 1177 1837 1261
flower 0.0012 124 2575 203 2633
flower 0.0011 2060 2084 2199 2196
flower 0.0011 639 1957 762 2077
flower 0.0011 1322 1512 1567 1678
flower 0.0010 26 2614 147 2716
