flower 0.9969 1196 1015 1446 1229
flower 0.8410 2570 0 2734 88
flower 0.4259 1493 938 1621 1048
flower 0.0187 2594 -25 2777 103
flower 0.0082 2628 5 2748 112
flower 0.0050 1528 -2 1669 34
flower 0.0047 1201 1185 1282 1250
flower 0.0038 1942 2695 2314 2740
flower 0.0021 1214 1110 1381 1234
flower 0.0020 2458 0 2672 72
flower 0.0016 2559 17 2746 220
flower 0.0015 1395 823 1496 904
flower 0.0014 187 2667 475 2734
flower 0.0012 2043 2679 2427 2735
flower 0.0011 352 -1 539 31
flower 0.0010 54 12 461 534
