flower 0.8343 1715 971 2489 1682
flower 0.7392 1577 1160 1870 1547
flower 0.0106 9 2943 378 2999
flower 0.0089 2514 1450 2615 1521
flower 0.0067 1579 1393 1702 1505
flower 0.0041 1738 1448 1882 1572
flower 0.0036 1570 1189 1743 1512
flower 0.0031 1589 1180 1696 1320
flower 0.0025 1602 1330 1920 1570
flower 0.0022 1646 726 1762 805
flower 0.0018 -44 2924 224 3002
flower 0.0017 1610 1174 1782 1329
flower 0.0015 1697 1399 1853 1540
flower 0.0014 1651 1058 2113 1643
flower 0.0013 1664 1413 1881 1602
flower 0.0013 1707 783 1835 864
flower 0.0013 1922 1230 2477 1670
flower 0.0012 1771 995 2335 1429
