flower 0.9952 544 1280 831 1542
flower 0.6568 2611 303 2736 673
flower 0.0604 974 1214 1143 1374
flower 0.0479 2683 1813 2737 2026
flower 0.0155 2607 398 2730 573
flower 0.0094 2672 1766 2742 2174
flower 0.0054 2253 2200 2654 2360
flower 0.0048 161 2685 407 2739
flower 0.0043 2637 387 2742 786
flower 0.0040 2534 286 2717 689
flower 0.0036 -12 2678 67 2742
flower 0.0033 -7 2410 55 2579
flower 0.0032 2287 2221 2416 2319
flower 0.0030 2586 -52 2751 823
flower 0.0029 10 2677 237 2740
flower 0.0029 800 2689 1145 2737
flower 0.0024 1041 2701 1430 2739
flower 0.0023 594 1308 812 1467
flower 0.0022 20 2490 118 2600
flower 0.0018 -12 2390 83 2705
flower 0.0017 2616 276 2741 1029
flower 0.0016 -8 2525 60 2683
flower 0.0014 2673 1579 2739 2063
flower 0.0013 1007 1268 1127 1372
flower 0.0013 2651 503 2736 685
flower 0.0012 928 1213 1208 1426
flower 0.0010 530 1304 603 1411
