flower 0.9957 1774 1102 2131 1502
flower 0.0923 695 1867 779 1995
flower 0.0359 8 1 142 158
flower 0.0140 5 -1 151 81
flower 0.0098 -4 -8 86 84
flower 0.0074 1 -4 72 160
flower 0.0063 2821 1565 2998 1821
flower 0.0052 861 1934 956 2031
flower 0.0044 1387 0 1794 48
flower 0.0043 0 0 166 275
flower 0.0043 663 1832 797 2028
flower 0.0042 2933 222 3006 398
flower 0.0039 2934 628 3003 800
flower 0.0036 2445 777 2809 1015
flower 0.0028 17 61 142 200
flower 0.0025 1932 1878 2065 1984
flower 0.0025 495 2307 724 2491
flower 0.0020 1316 344 1409 503
flower 0.0018 1486 27 1701 141
flower 0.0017 2889 1539 3007 1870
flower 0.0016 -2 2552 43 2786
flower 0.0015 606 2800 737 2922
flower 0.0015 2932 740 3002 939
flower 0.0014 29 -4 223 68
flower 0.0014 2128 -3 2426 31
flower 0.0014 -3 455 43 749
flower 0.0013 2806 1285 3003 1556
flower 0.0013 2919 1658 2998 1852
flower 0.0013 1860 526 1993 800
flower 0.0012 -7 2524 61 2726
flower 0.0012 -13 2370 91 2752
flower 0.0012 2297 1 2617 42
flower 0.0012 2895 694 3013 987
flower 0.0011 1735 1100 1799 1229
flower 0.0010 1920 1396 2147 1499
flower 0.0010 1688 2478 1831 2567
flower 0.0010 796 2070 891 2148
flower 0.0010 2596 1756 2787 1851
