flower 0.9992 1752 950 1984 1189
flower 0.0215 335 2592 460 2726
flower 0.0108 237 2510 311 2608
flower 0.0049 300 1072 386 1196
flower 0.0041 1803 815 1951 897
flower 0.0035 1585 851 1726 974
flower 0.0034 314 1071 448 1201
flower 0.0032 527 2527 600 2597
flower 0.0030 397 2678 702 2736
flower 0.0026 676 2540 734 2596
flower 0.0025 1854 822 1975 903
flower 0.0023 -8 -3 156 37
flower 0.0014 1747 792 1994 953
flower 0.0013 43 0 223 29
flower 0.0012 1749 984 1911 1155
flower 0.0011 1728 808 1898 912
flower 0.0011 289 1076 494 1254
flower 0.0010 300 2680 582 2736
flower 0.0010 -8 -16 62 67
flower 0.0010 15 22 128 140
flower 0.0010 1551 829 1750 1012
