flower 0.9981 1305 1536 1423 1689
flower 0.9177 1109 336 1193 496
flower 0.0227 -6 1094 72 1473
flower 0.0116 784 -1 946 25
flower 0.0081 991 355 1060 436
flower 0.0050 2679 1258 2740 1418
flower 0.0048 6 2266 57 2395
flower 0.0043 1420 2678 1688 2739
flower 0.0042 1312 1350 1377 1409
flower 0.0031 -3 1065 53 1314
flower 0.0022 1053 477 1108 531
flower 0.0022 -14 2665 64 2743
flower 0.0021 2693 1208 2738 1380
flower 0.0021 1078 231 1183 345
flower 0.0018 140 2215 218 2262
flower 0.0017 1451 1573 1530 1645
flower 0.0016 -5 899 60 1365
flower 0.0015 2701 2184 2737 2397
flower 0.0014 218 -1 465 35
flower 0.0013 1199 348 1274 450
flower 0.0012 1199 397 1263 485
flower 0.0012 1232 365 1326 438
flower 0.0011 2693 656 2737 883
flower 0.0011 2662 -5 2758 47
flower 0.0011 2690 1289 2740 1481
flower 0.0011 1140 306 1211 380
flower 0.0010 1571 302 1639 368
flower 0.0010 998 415 1060 487
