flower 0.9973 1309 803 1598 1000
flower 0.0126 1182 1023 1278 1111
flower 0.0106 1381 2662 1716 2746
flower 0.0068 1319 2632 1766 2761
flower 0.0040 867 0 1185 25
flower 0.0034 1402 985 1500 1042
flower 0.0027 1678 2656 1860 2739
flower 0.0021 1339 1209 1446 1270
flower 0.0019 385 760 505 891
flower 0.0017 1304 851 1408 975
flower 0.0017 1326 2578 1850 2739
flower 0.0015 1472 2634 1938 2761
flower 0.0014 729 -3 1114 33
flower 0.0012 1285 822 1441 995
flower 0.0011 -5 819 73 1225
flower 0.0011 2246 -1 2747 28
flower 0.0010 163 2023 397 2220
