flower 0.9596 573 1680 983 2036
flower 0.9319 915 4 1433 300
flower 0.0466 1276 1 1532 72
flower 0.0246 868 1949 986 2039
flower 0.0162 392 2754 592 2988
flower 0.0090 964 1 1270 214
flower 0.0059 1059 -3 1513 208
flower 0.0042 689 1813 966 2031
flower 0.0030 876 1988 989 2055
flower 0.0027 884 2 1184 316
flower 0.0025 252 2783 613 3007
flower 0.0015 538 1668 911 1880
flower 0.0014 763 1870 919 1998
flower 0.0012 914 -16 1538 126
flower 0.0011 525 1639 786 1803
flower 0.0010 693 1814 864 1924
flower 0.0010 1229 -7 1583 96
flower 0.0010 694 1877 850 1996
